%	Date:	2025-05-09	Time:	08:52:57
%	Sampling frequency		[Hz]:	204800
%	Generator amplitude		[V]:	1.0000
%	Settle time		[s]:	0.10000
%	Settle cycles:			5
%	Integration time		[s]:	0.20000
%	Integration cycles:			20
% Freq.	Amplitude	Phase	THD	HD 2	HD 3	HD 4	HD 5
% [Hz]	[dB]	[deg]	[dB]	[dB ref fund]	[dB ref fund]	[dB ref fund]	[dB ref fund]
1.0000E+1	2.4463E+1	-1.7393E+2	-6.6877E+1	-7.7862E+1	-9.3457E+1	-9.2746E+1	-6.7260E+1
1.0798E+1	2.4532E+1	-1.7679E+2	-7.7691E+1	-7.7963E+1	-9.2899E+1	-9.3087E+1	-1.0565E+2
1.1660E+1	2.4592E+1	-1.7967E+2	-7.7768E+1	-7.8061E+1	-9.2610E+1	-9.2866E+1	-1.0582E+2
1.2590E+1	2.4645E+1	1.7742E+2	-6.8712E+1	-7.8115E+1	-9.2421E+1	-6.9263E+1	-1.0592E+2
1.3595E+1	2.4692E+1	1.7448E+2	-7.7946E+1	-7.8253E+1	-9.2645E+1	-9.2780E+1	-1.0626E+2
1.4680E+1	2.4733E+1	1.7148E+2	-7.7964E+1	-7.8266E+1	-9.2437E+1	-9.3270E+1	-1.0512E+2
1.5851E+1	2.4769E+1	1.6840E+2	-7.7979E+1	-7.8306E+1	-9.1914E+1	-9.3153E+1	-1.0547E+2
1.7116E+1	2.4801E+1	1.6524E+2	-7.7719E+1	-7.8349E+1	-8.7529E+1	-9.3146E+1	-1.0515E+2
1.8482E+1	2.4829E+1	1.6197E+2	-7.8075E+1	-7.8375E+1	-9.2507E+1	-9.3465E+1	-1.0579E+2
1.9957E+1	2.4853E+1	1.5856E+2	-7.8148E+1	-7.8452E+1	-9.2703E+1	-9.3259E+1	-1.0592E+2
2.1550E+1	2.4875E+1	1.5500E+2	-7.8101E+1	-7.8386E+1	-9.3047E+1	-9.3295E+1	-1.0675E+2
2.3269E+1	2.4894E+1	1.5126E+2	-7.8171E+1	-7.8459E+1	-9.3000E+1	-9.3480E+1	-1.0564E+2
2.5126E+1	2.4910E+1	1.4732E+2	-6.6811E+1	-6.6832E+1	-9.2984E+1	-9.3441E+1	-1.0599E+2
2.7131E+1	2.4925E+1	1.4313E+2	-7.8271E+1	-7.8558E+1	-9.3441E+1	-9.3237E+1	-1.0617E+2
2.9296E+1	2.4937E+1	1.3868E+2	-7.8182E+1	-7.8470E+1	-9.3201E+1	-9.3283E+1	-1.0595E+2
3.1634E+1	2.4947E+1	1.3392E+2	-7.8234E+1	-7.8526E+1	-9.3149E+1	-9.3277E+1	-1.0650E+2
3.4159E+1	2.4956E+1	1.2880E+2	-7.8282E+1	-7.8568E+1	-9.3423E+1	-9.3330E+1	-1.0607E+2
3.6884E+1	2.4962E+1	1.2330E+2	-7.8310E+1	-7.8580E+1	-9.3195E+1	-9.4196E+1	-1.0535E+2
3.9828E+1	2.4966E+1	1.1734E+2	-7.8312E+1	-7.8595E+1	-9.3541E+1	-9.3332E+1	-1.0614E+2
4.3006E+1	2.4967E+1	1.1089E+2	-7.8349E+1	-7.8626E+1	-9.3603E+1	-9.3532E+1	-1.0611E+2
4.6438E+1	2.4965E+1	1.0387E+2	-7.8407E+1	-7.8692E+1	-9.3482E+1	-9.3555E+1	-1.0592E+2
5.0144E+1	2.4957E+1	9.6252E+1	-7.8526E+1	-7.8759E+1	-9.6731E+1	-9.3454E+1	-1.0148E+2
5.4145E+1	2.4950E+1	8.7914E+1	-7.8536E+1	-7.8824E+1	-9.4019E+1	-9.3218E+1	-1.0615E+2
5.8466E+1	2.4935E+1	7.8833E+1	-7.8624E+1	-7.8913E+1	-9.3895E+1	-9.3401E+1	-1.0670E+2
6.3132E+1	2.4914E+1	6.8951E+1	-7.8600E+1	-7.8941E+1	-9.3916E+1	-9.2110E+1	-1.0677E+2
6.8170E+1	2.4887E+1	5.8230E+1	-7.8734E+1	-7.9032E+1	-9.4209E+1	-9.3110E+1	-1.0684E+2
7.3610E+1	2.4855E+1	4.6660E+1	-7.8729E+1	-7.9022E+1	-9.4338E+1	-9.3218E+1	-1.0508E+2
7.9484E+1	2.4820E+1	3.4271E+1	-7.8783E+1	-7.9093E+1	-9.4040E+1	-9.3127E+1	-1.0534E+2
8.5827E+1	2.4784E+1	2.1140E+1	-7.8813E+1	-7.9143E+1	-9.3980E+1	-9.2711E+1	-1.0578E+2
9.2676E+1	2.4750E+1	7.3973E+0	-7.8795E+1	-7.9110E+1	-9.3860E+1	-9.3088E+1	-1.0670E+2
1.0007E+2	2.4722E+1	-6.7772E+0	-7.8704E+1	-7.9024E+1	-9.3674E+1	-9.2930E+1	-1.0692E+2
1.0806E+2	2.4703E+1	-2.1168E+1	-7.8649E+1	-7.8994E+1	-9.3205E+1	-9.2675E+1	-1.0636E+2
1.1668E+2	2.4693E+1	-3.5545E+1	-7.8312E+1	-7.8878E+1	-8.9156E+1	-9.2488E+1	-1.0619E+2
1.2599E+2	2.4693E+1	-4.9690E+1	-7.8897E+1	-7.9322E+1	-9.2891E+1	-9.1879E+1	-1.0401E+2
1.3605E+2	2.4700E+1	-6.3422E+1	-7.8328E+1	-7.8694E+1	-9.2896E+1	-9.1860E+1	-1.0593E+2
1.4690E+2	2.4712E+1	-7.6612E+1	-7.8257E+1	-7.8635E+1	-9.3318E+1	-9.1180E+1	-1.0795E+2
1.5863E+2	2.4727E+1	-8.9186E+1	-7.8213E+1	-7.8589E+1	-9.3734E+1	-9.0890E+1	-1.0864E+2
1.7128E+2	2.4743E+1	-1.0112E+2	-7.8238E+1	-7.8615E+1	-9.4367E+1	-9.0544E+1	-1.3704E+2
1.8495E+2	2.4758E+1	-1.1243E+2	-7.8053E+1	-7.8443E+1	-9.5349E+1	-8.9896E+1	-1.0508E+2
1.9971E+2	2.4771E+1	-1.2317E+2	-7.8021E+1	-7.8462E+1	-9.4811E+1	-8.9396E+1	-1.0384E+2
2.1565E+2	2.4782E+1	-1.3340E+2	-7.7839E+1	-7.8310E+1	-9.4505E+1	-8.8860E+1	-1.0439E+2
2.3286E+2	2.4790E+1	-1.4321E+2	-7.7702E+1	-7.8197E+1	-9.5255E+1	-8.8276E+1	-1.0382E+2
2.5144E+2	2.4795E+1	-1.5267E+2	-7.7496E+1	-7.8079E+1	-9.3287E+1	-8.7607E+1	-1.0505E+2
2.7151E+2	2.4797E+1	-1.6186E+2	-7.7344E+1	-7.7947E+1	-9.4339E+1	-8.6973E+1	-1.0895E+2
2.9317E+2	2.4796E+1	-1.7089E+2	-7.7124E+1	-7.7784E+1	-9.3691E+1	-8.6388E+1	-1.1122E+2
3.1657E+2	2.4791E+1	-1.7982E+2	-7.6893E+1	-7.7587E+1	-9.4793E+1	-8.5727E+1	-1.0886E+2
3.4183E+2	2.4783E+1	1.7125E+2	-7.6598E+1	-7.7385E+1	-9.3005E+1	-8.5085E+1	-1.0547E+2
3.6911E+2	2.4772E+1	1.6225E+2	-7.6343E+1	-7.7177E+1	-9.2569E+1	-8.4610E+1	-1.0370E+2
3.9857E+2	2.4757E+1	1.5308E+2	-7.5994E+1	-7.6892E+1	-9.2143E+1	-8.3958E+1	-1.0156E+2
4.3037E+2	2.4738E+1	1.4367E+2	-7.5672E+1	-7.6611E+1	-9.2043E+1	-8.3388E+1	-1.0209E+2
4.6472E+2	2.4715E+1	1.3394E+2	-7.5346E+1	-7.6316E+1	-9.1908E+1	-8.2871E+1	-1.0445E+2
5.0180E+2	2.4688E+1	1.2380E+2	-7.4992E+1	-7.6002E+1	-9.1909E+1	-8.2282E+1	-1.0987E+2
5.4184E+2	2.4657E+1	1.1318E+2	-7.4637E+1	-7.5663E+1	-9.2232E+1	-8.1785E+1	-1.1358E+2
5.8508E+2	2.4623E+1	1.0202E+2	-7.4394E+1	-7.5399E+1	-9.2941E+1	-8.1576E+1	-1.0344E+2
6.3177E+2	2.4588E+1	9.0275E+1	-7.4245E+1	-7.5196E+1	-9.3938E+1	-8.1612E+1	-1.0050E+2
6.8219E+2	2.4554E+1	7.7940E+1	-7.4054E+1	-7.4927E+1	-9.4871E+1	-8.1708E+1	-1.0057E+2
7.3663E+2	2.4525E+1	6.5036E+1	-7.3931E+1	-7.4704E+1	-9.5317E+1	-8.2031E+1	-1.0413E+2
7.9541E+2	2.4504E+1	5.1635E+1	-7.3762E+1	-7.4458E+1	-9.4239E+1	-8.2329E+1	-1.2236E+2
8.5889E+2	2.4497E+1	3.7857E+1	-7.3577E+1	-7.4204E+1	-9.3043E+1	-8.2696E+1	-1.0591E+2
9.2743E+2	2.4506E+1	2.3869E+1	-7.3427E+1	-7.3993E+1	-9.2090E+1	-8.3136E+1	-1.0122E+2
1.0014E+3	2.4533E+1	9.8694E+0	-7.3287E+1	-7.3783E+1	-9.1784E+1	-8.3629E+1	-1.0142E+2
1.0814E+3	2.4577E+1	-3.9336E+0	-7.3203E+1	-7.3628E+1	-9.1969E+1	-8.4217E+1	-1.0537E+2
1.1676E+3	2.4633E+1	-1.7340E+1	-7.3160E+1	-7.3525E+1	-9.2608E+1	-8.4770E+1	-1.1159E+2
1.2608E+3	2.4696E+1	-3.0179E+1	-7.3125E+1	-7.3436E+1	-9.3550E+1	-8.5372E+1	-1.0638E+2
1.3614E+3	2.4761E+1	-4.2319E+1	-7.3066E+1	-7.3343E+1	-9.4157E+1	-8.5821E+1	-1.0353E+2
1.4701E+3	2.4822E+1	-5.3676E+1	-7.3019E+1	-7.3272E+1	-9.4152E+1	-8.6211E+1	-1.0346E+2
1.5874E+3	2.4876E+1	-6.4208E+1	-7.2919E+1	-7.3154E+1	-9.4173E+1	-8.6443E+1	-1.0437E+2
1.7141E+3	2.4922E+1	-7.3914E+1	-7.2812E+1	-7.3042E+1	-9.3574E+1	-8.6516E+1	-1.0617E+2
1.8509E+3	2.4960E+1	-8.2817E+1	-7.2706E+1	-7.2925E+1	-9.3303E+1	-8.6676E+1	-1.0682E+2
1.9986E+3	2.4991E+1	-9.0962E+1	-7.2582E+1	-7.2794E+1	-9.3117E+1	-8.6722E+1	-1.0856E+2
2.1581E+3	2.5015E+1	-9.8402E+1	-7.2451E+1	-7.2660E+1	-9.2709E+1	-8.6744E+1	-1.0864E+2
2.3303E+3	2.5034E+1	-1.0520E+2	-7.2317E+1	-7.2521E+1	-9.2733E+1	-8.6707E+1	-1.0795E+2
2.5162E+3	2.5049E+1	-1.1140E+2	-7.2260E+1	-7.2459E+1	-9.2712E+1	-8.6769E+1	-1.0617E+2
2.7170E+3	2.5060E+1	-1.1708E+2	-7.2177E+1	-7.2369E+1	-9.2971E+1	-8.6840E+1	-1.0493E+2
2.9338E+3	2.5069E+1	-1.2228E+2	-7.2114E+1	-7.2306E+1	-9.2857E+1	-8.6781E+1	-1.0359E+2
3.1680E+3	2.5076E+1	-1.2706E+2	-7.2075E+1	-7.2263E+1	-9.3210E+1	-8.6796E+1	-1.0207E+2
3.4208E+3	2.5081E+1	-1.3144E+2	-7.2056E+1	-7.2246E+1	-9.3440E+1	-8.6702E+1	-1.0146E+2
3.6938E+3	2.5085E+1	-1.3549E+2	-7.2049E+1	-7.2234E+1	-9.3590E+1	-8.6814E+1	-1.0098E+2
3.9885E+3	2.5088E+1	-1.3922E+2	-7.2075E+1	-7.2263E+1	-9.3796E+1	-8.6736E+1	-9.9944E+1
4.3068E+3	2.5090E+1	-1.4267E+2	-7.2124E+1	-7.2314E+1	-9.4205E+1	-8.6668E+1	-1.0068E+2
4.6505E+3	2.5092E+1	-1.4587E+2	-7.2207E+1	-7.2400E+1	-9.4485E+1	-8.6621E+1	-1.0077E+2
5.0216E+3	2.5092E+1	-1.4884E+2	-7.2286E+1	-7.2483E+1	-9.4861E+1	-8.6521E+1	-1.0128E+2
5.4223E+3	2.5093E+1	-1.5161E+2	-7.2414E+1	-7.2615E+1	-9.5148E+1	-8.6538E+1	-1.0150E+2
5.8550E+3	2.5093E+1	-1.5420E+2	-7.2547E+1	-7.2757E+1	-9.5624E+1	-8.6430E+1	-1.0111E+2
6.3223E+3	2.5092E+1	-1.5662E+2	-7.2727E+1	-7.2947E+1	-9.6282E+1	-8.6332E+1	-1.0128E+2
6.8268E+3	2.5091E+1	-1.5889E+2	-7.2943E+1	-7.3177E+1	-9.7159E+1	-8.6204E+1	-1.0131E+2
7.3716E+3	2.5089E+1	-1.6103E+2	-7.3196E+1	-7.3447E+1	-9.7913E+1	-8.6132E+1	-1.0046E+2
7.9599E+3	2.5086E+1	-1.6306E+2	-7.3467E+1	-7.3737E+1	-9.9074E+1	-8.6059E+1	-9.9319E+1
8.5951E+3	2.5083E+1	-1.6497E+2	-7.3776E+1	-7.4083E+1	-9.9380E+1	-8.5876E+1	-9.7940E+1
9.2810E+3	2.5079E+1	-1.6679E+2	-7.4110E+1	-7.4463E+1	-9.9545E+1	-8.5707E+1	-9.6380E+1
1.0022E+4	2.5074E+1	-1.6853E+2	-7.4487E+1	-7.4897E+1	-9.8519E+1	-8.5641E+1	-9.4660E+1
1.0821E+4	2.5068E+1	-1.7020E+2	-7.4807E+1	-7.5305E+1	-9.6236E+1	-8.5454E+1	-9.3101E+1
1.1685E+4	2.5062E+1	-1.7181E+2	-7.5100E+1	-7.5701E+1	-9.3832E+1	-8.5321E+1	-9.1912E+1
1.2617E+4	2.5054E+1	-1.7336E+2	-7.5301E+1	-7.6025E+1	-9.1727E+1	-8.5265E+1	-9.0546E+1
1.3624E+4	2.5044E+1	-1.7487E+2	-7.5250E+1	-7.6105E+1	-8.9472E+1	-8.5179E+1	-8.9318E+1
1.4711E+4	2.5034E+1	-1.7635E+2	-7.4908E+1	-7.5864E+1	-8.7466E+1	-8.5100E+1	-8.8255E+1
1.5885E+4	2.5021E+1	-1.7779E+2	-7.4218E+1	-7.5225E+1	-8.5561E+1	-8.5038E+1	-8.7156E+1
1.7153E+4	2.5007E+1	-1.7922E+2	-7.3159E+1	-7.4143E+1	-8.3694E+1	-8.5169E+1	-8.6045E+1
1.8522E+4	2.4991E+1	1.7936E+2	-7.1850E+1	-7.2770E+1	-8.1944E+1	-8.5151E+1	-8.5194E+1
2.0000E+4	2.4973E+1	1.7795E+2	-7.0431E+1	-7.1200E+1	-8.0264E+1	-8.5154E+1	-8.6510E+1
