%	Date:	2025-05-09	Time:	08:55:05
%	Sampling frequency		[Hz]:	204800
%	Generator amplitude		[V]:	0.50000
%	Settle time		[s]:	0.10000
%	Settle cycles:			5
%	Integration time		[s]:	0.20000
%	Integration cycles:			20
% Freq.	Amplitude	Phase	THD	HD 2	HD 3	HD 4	HD 5
% [Hz]	[dB]	[deg]	[dB]	[dB ref fund]	[dB ref fund]	[dB ref fund]	[dB ref fund]
1.0000E+1	2.4467E+1	-1.7395E+2	-6.1061E+1	-7.8315E+1	-9.4689E+1	-9.3290E+1	-6.1148E+1
1.0798E+1	2.4536E+1	-1.7681E+2	-7.8278E+1	-7.8514E+1	-9.4943E+1	-9.3559E+1	-1.0633E+2
1.1660E+1	2.4596E+1	-1.7969E+2	-7.8216E+1	-7.8450E+1	-9.5194E+1	-9.3325E+1	-1.0605E+2
1.2590E+1	2.4649E+1	1.7740E+2	-6.2987E+1	-7.8658E+1	-9.4546E+1	-6.3110E+1	-1.0586E+2
1.3595E+1	2.4696E+1	1.7446E+2	-7.8372E+1	-7.8622E+1	-9.4908E+1	-9.3348E+1	-1.0549E+2
1.4680E+1	2.4736E+1	1.7146E+2	-7.8383E+1	-7.8637E+1	-9.4451E+1	-9.3620E+1	-1.0534E+2
1.5851E+1	2.4772E+1	1.6839E+2	-7.8367E+1	-7.8650E+1	-9.2786E+1	-9.4356E+1	-1.0552E+2
1.7116E+1	2.4804E+1	1.6523E+2	-7.5901E+1	-7.8745E+1	-7.9239E+1	-9.3880E+1	-1.0687E+2
1.8482E+1	2.4832E+1	1.6195E+2	-7.8469E+1	-7.8698E+1	-9.4861E+1	-9.4212E+1	-1.0644E+2
1.9957E+1	2.4856E+1	1.5855E+2	-7.8628E+1	-7.8863E+1	-9.5129E+1	-9.4019E+1	-1.0728E+2
2.1550E+1	2.4878E+1	1.5499E+2	-7.8519E+1	-7.8748E+1	-9.5392E+1	-9.3836E+1	-1.0727E+2
2.3269E+1	2.4896E+1	1.5125E+2	-7.8503E+1	-7.8715E+1	-9.5680E+1	-9.4181E+1	-1.0744E+2
2.5126E+1	2.4913E+1	1.4731E+2	-6.1774E+1	-6.1779E+1	-9.5397E+1	-9.3825E+1	-1.0601E+2
2.7131E+1	2.4927E+1	1.4312E+2	-7.8639E+1	-7.8861E+1	-9.5344E+1	-9.4292E+1	-1.0768E+2
2.9296E+1	2.4939E+1	1.3867E+2	-7.8781E+1	-7.9023E+1	-9.5202E+1	-9.4157E+1	-1.0535E+2
3.1634E+1	2.4950E+1	1.3391E+2	-7.8649E+1	-7.8871E+1	-9.5452E+1	-9.4240E+1	-1.0733E+2
3.4159E+1	2.4958E+1	1.2879E+2	-7.8610E+1	-7.8829E+1	-9.5652E+1	-9.4162E+1	-1.0692E+2
3.6884E+1	2.4964E+1	1.2329E+2	-7.8653E+1	-7.8882E+1	-9.5704E+1	-9.3850E+1	-1.0696E+2
3.9828E+1	2.4968E+1	1.1734E+2	-7.8674E+1	-7.8882E+1	-9.5841E+1	-9.4476E+1	-1.0725E+2
4.3006E+1	2.4969E+1	1.1088E+2	-7.8632E+1	-7.8867E+1	-9.5471E+1	-9.3880E+1	-1.0534E+2
4.6438E+1	2.4967E+1	1.0386E+2	-7.8780E+1	-7.9017E+1	-9.5453E+1	-9.3966E+1	-1.0780E+2
5.0144E+1	2.4955E+1	9.6235E+1	-7.8665E+1	-7.9022E+1	-9.3546E+1	-9.4189E+1	-9.5993E+1
5.4145E+1	2.4951E+1	8.7911E+1	-7.8827E+1	-7.9054E+1	-9.6087E+1	-9.4014E+1	-1.0617E+2
5.8466E+1	2.4936E+1	7.8826E+1	-7.8704E+1	-7.8926E+1	-9.5814E+1	-9.4161E+1	-1.0616E+2
6.3132E+1	2.4916E+1	6.8946E+1	-7.8808E+1	-7.9015E+1	-9.6043E+1	-9.4577E+1	-1.0792E+2
6.8170E+1	2.4889E+1	5.8225E+1	-7.8751E+1	-7.8956E+1	-9.5435E+1	-9.5036E+1	-1.0822E+2
7.3610E+1	2.4857E+1	4.6655E+1	-7.8399E+1	-7.8589E+1	-9.5810E+1	-9.4685E+1	-1.0823E+2
7.9484E+1	2.4822E+1	3.4266E+1	-7.8837E+1	-7.9052E+1	-9.6324E+1	-9.4320E+1	-1.0531E+2
8.5827E+1	2.4786E+1	2.1136E+1	-7.8981E+1	-7.9192E+1	-9.5701E+1	-9.5098E+1	-1.0681E+2
9.2676E+1	2.4752E+1	7.3934E+0	-7.8833E+1	-7.9066E+1	-9.5550E+1	-9.4141E+1	-1.0666E+2
1.0007E+2	2.4723E+1	-6.7812E+0	-7.8919E+1	-7.9151E+1	-9.6119E+1	-9.3941E+1	-1.0719E+2
1.0806E+2	2.4704E+1	-2.1171E+1	-7.8823E+1	-7.9061E+1	-9.5294E+1	-9.4147E+1	-1.0690E+2
1.1668E+2	2.4694E+1	-3.5548E+1	-7.8161E+1	-7.9027E+1	-8.6270E+1	-9.4244E+1	-1.0631E+2
1.2599E+2	2.4694E+1	-4.9693E+1	-7.9002E+1	-7.9234E+1	-9.5286E+1	-9.4784E+1	-1.0554E+2
1.3605E+2	2.4701E+1	-6.3425E+1	-7.8716E+1	-7.8929E+1	-9.5470E+1	-9.4882E+1	-1.0463E+2
1.4690E+2	2.4713E+1	-7.6615E+1	-7.8686E+1	-7.8930E+1	-9.5367E+1	-9.3664E+1	-1.0684E+2
1.5863E+2	2.4728E+1	-8.9189E+1	-7.8629E+1	-7.8868E+1	-9.5432E+1	-9.3686E+1	-1.0669E+2
1.7128E+2	2.4744E+1	-1.0112E+2	-7.8969E+1	-7.9233E+1	-9.5936E+1	-9.3356E+1	-1.0524E+2
1.8495E+2	2.4759E+1	-1.1244E+2	-7.8577E+1	-7.8796E+1	-9.6682E+1	-9.3473E+1	-1.0797E+2
1.9971E+2	2.4772E+1	-1.2317E+2	-7.8408E+1	-7.8657E+1	-9.5883E+1	-9.2797E+1	-1.0703E+2
2.1565E+2	2.4783E+1	-1.3341E+2	-7.8430E+1	-7.8650E+1	-9.8323E+1	-9.2601E+1	-1.0871E+2
2.3286E+2	2.4791E+1	-1.4321E+2	-7.8339E+1	-7.8608E+1	-9.6469E+1	-9.2017E+1	-1.0557E+2
2.5144E+2	2.4796E+1	-1.5267E+2	-7.8047E+1	-7.8533E+1	-9.0229E+1	-9.1611E+1	-1.0666E+2
2.7151E+2	2.4797E+1	-1.6187E+2	-7.8039E+1	-7.8334E+1	-9.6293E+1	-9.1084E+1	-1.0790E+2
2.9317E+2	2.4796E+1	-1.7089E+2	-7.7878E+1	-7.8185E+1	-9.6850E+1	-9.0550E+1	-1.0631E+2
3.1657E+2	2.4792E+1	-1.7982E+2	-7.7694E+1	-7.8109E+1	-9.4152E+1	-8.9369E+1	-1.1040E+2
3.4183E+2	2.4784E+1	1.7125E+2	-7.7477E+1	-7.7885E+1	-9.6289E+1	-8.8679E+1	-1.0838E+2
3.6911E+2	2.4773E+1	1.6225E+2	-7.7224E+1	-7.7690E+1	-9.5408E+1	-8.7910E+1	-1.0638E+2
3.9857E+2	2.4758E+1	1.5308E+2	-7.6955E+1	-7.7484E+1	-9.5210E+1	-8.7034E+1	-1.0460E+2
4.3037E+2	2.4739E+1	1.4367E+2	-7.6630E+1	-7.7221E+1	-9.4695E+1	-8.6245E+1	-1.0295E+2
4.6472E+2	2.4715E+1	1.3394E+2	-7.6395E+1	-7.7019E+1	-9.4657E+1	-8.5693E+1	-1.0458E+2
5.0180E+2	2.4688E+1	1.2379E+2	-7.6180E+1	-7.6818E+1	-9.4909E+1	-8.5290E+1	-1.0886E+2
5.4184E+2	2.4658E+1	1.1317E+2	-7.5957E+1	-7.6614E+1	-9.4957E+1	-8.4905E+1	-1.1221E+2
5.8508E+2	2.4624E+1	1.0201E+2	-7.5708E+1	-7.6328E+1	-9.5596E+1	-8.4843E+1	-1.0722E+2
6.3177E+2	2.4589E+1	9.0273E+1	-7.5414E+1	-7.6030E+1	-9.5806E+1	-8.4560E+1	-1.0386E+2
6.8219E+2	2.4555E+1	7.7938E+1	-7.5157E+1	-7.5750E+1	-9.6426E+1	-8.4441E+1	-1.0165E+2
7.3663E+2	2.4526E+1	6.5034E+1	-7.4993E+1	-7.5557E+1	-9.6710E+1	-8.4426E+1	-1.0409E+2
7.9541E+2	2.4505E+1	5.1632E+1	-7.4714E+1	-7.5249E+1	-9.5552E+1	-8.4401E+1	-1.1265E+2
8.5889E+2	2.4498E+1	3.7855E+1	-7.4456E+1	-7.4964E+1	-9.4615E+1	-8.4434E+1	-1.0886E+2
9.2743E+2	2.4507E+1	2.3867E+1	-7.4274E+1	-7.4733E+1	-9.3970E+1	-8.4831E+1	-1.0202E+2
1.0014E+3	2.4534E+1	9.8673E+0	-7.4110E+1	-7.4510E+1	-9.4331E+1	-8.5258E+1	-1.0165E+2
1.0814E+3	2.4578E+1	-3.9356E+0	-7.3903E+1	-7.4246E+1	-9.5006E+1	-8.5582E+1	-1.0783E+2
1.1676E+3	2.4635E+1	-1.7342E+1	-7.3725E+1	-7.4023E+1	-9.5725E+1	-8.5949E+1	-1.1588E+2
1.2608E+3	2.4698E+1	-3.0180E+1	-7.3579E+1	-7.3854E+1	-9.6595E+1	-8.6100E+1	-1.0850E+2
1.3614E+3	2.4762E+1	-4.2320E+1	-7.3386E+1	-7.3639E+1	-9.6702E+1	-8.6310E+1	-1.0300E+2
1.4701E+3	2.4823E+1	-5.3677E+1	-7.3241E+1	-7.3483E+1	-9.6021E+1	-8.6439E+1	-1.0278E+2
1.5874E+3	2.4877E+1	-6.4210E+1	-7.3088E+1	-7.3319E+1	-9.4880E+1	-8.6627E+1	-1.0335E+2
1.7141E+3	2.4924E+1	-7.3915E+1	-7.2981E+1	-7.3190E+1	-9.4381E+1	-8.7025E+1	-1.0594E+2
1.8509E+3	2.4962E+1	-8.2819E+1	-7.2816E+1	-7.3016E+1	-9.3554E+1	-8.7207E+1	-1.0943E+2
1.9986E+3	2.4992E+1	-9.0963E+1	-7.2703E+1	-7.2893E+1	-9.3705E+1	-8.7326E+1	-1.1028E+2
2.1581E+3	2.5017E+1	-9.8402E+1	-7.2564E+1	-7.2742E+1	-9.3673E+1	-8.7465E+1	-1.1167E+2
2.3303E+3	2.5036E+1	-1.0520E+2	-7.2451E+1	-7.2629E+1	-9.3602E+1	-8.7369E+1	-1.1090E+2
2.5162E+3	2.5051E+1	-1.1140E+2	-7.2362E+1	-7.2534E+1	-9.4159E+1	-8.7316E+1	-1.0612E+2
2.7170E+3	2.5062E+1	-1.1708E+2	-7.2310E+1	-7.2479E+1	-9.4874E+1	-8.7268E+1	-1.0458E+2
2.9338E+3	2.5071E+1	-1.2228E+2	-7.2255E+1	-7.2424E+1	-9.5216E+1	-8.7224E+1	-1.0188E+2
3.1680E+3	2.5078E+1	-1.2706E+2	-7.2243E+1	-7.2415E+1	-9.6137E+1	-8.6981E+1	-1.0127E+2
3.4208E+3	2.5083E+1	-1.3144E+2	-7.2203E+1	-7.2365E+1	-9.7075E+1	-8.7172E+1	-1.0022E+2
3.6938E+3	2.5087E+1	-1.3549E+2	-7.2221E+1	-7.2386E+1	-9.7645E+1	-8.7104E+1	-9.9180E+1
3.9885E+3	2.5090E+1	-1.3922E+2	-7.2241E+1	-7.2406E+1	-9.9598E+1	-8.7020E+1	-9.9121E+1
4.3068E+3	2.5092E+1	-1.4267E+2	-7.2288E+1	-7.2458E+1	-1.0024E+2	-8.6927E+1	-9.8646E+1
4.6505E+3	2.5093E+1	-1.4587E+2	-7.2342E+1	-7.2510E+1	-1.0083E+2	-8.6987E+1	-9.8879E+1
5.0216E+3	2.5094E+1	-1.4884E+2	-7.2390E+1	-7.2562E+1	-1.0251E+2	-8.6936E+1	-9.8101E+1
5.4223E+3	2.5095E+1	-1.5161E+2	-7.2501E+1	-7.2680E+1	-1.0366E+2	-8.6866E+1	-9.7783E+1
5.8550E+3	2.5095E+1	-1.5420E+2	-7.2607E+1	-7.2791E+1	-1.0808E+2	-8.6781E+1	-9.7769E+1
6.3223E+3	2.5094E+1	-1.5662E+2	-7.2779E+1	-7.2972E+1	-1.0844E+2	-8.6803E+1	-9.7262E+1
6.8268E+3	2.5093E+1	-1.5889E+2	-7.2927E+1	-7.3136E+1	-1.1065E+2	-8.6611E+1	-9.6897E+1
7.3716E+3	2.5091E+1	-1.6104E+2	-7.3109E+1	-7.3328E+1	-1.0725E+2	-8.6752E+1	-9.5681E+1
7.9599E+3	2.5088E+1	-1.6306E+2	-7.3294E+1	-7.3536E+1	-1.0275E+2	-8.6659E+1	-9.4839E+1
8.5951E+3	2.5085E+1	-1.6497E+2	-7.3516E+1	-7.3798E+1	-1.0013E+2	-8.6400E+1	-9.3850E+1
9.2810E+3	2.5081E+1	-1.6680E+2	-7.3734E+1	-7.4076E+1	-9.7350E+1	-8.6041E+1	-9.2755E+1
1.0022E+4	2.5076E+1	-1.6854E+2	-7.4009E+1	-7.4423E+1	-9.5169E+1	-8.5842E+1	-9.1566E+1
1.0821E+4	2.5071E+1	-1.7020E+2	-7.4260E+1	-7.4776E+1	-9.2659E+1	-8.5747E+1	-8.9993E+1
1.1685E+4	2.5064E+1	-1.7181E+2	-7.4587E+1	-7.5236E+1	-9.0681E+1	-8.5644E+1	-8.9046E+1
1.2617E+4	2.5056E+1	-1.7336E+2	-7.4893E+1	-7.5751E+1	-8.9107E+1	-8.5390E+1	-8.7721E+1
1.3624E+4	2.5046E+1	-1.7487E+2	-7.5151E+1	-7.6289E+1	-8.7445E+1	-8.5019E+1	-8.6794E+1
1.4711E+4	2.5036E+1	-1.7635E+2	-7.5412E+1	-7.6934E+1	-8.5773E+1	-8.4864E+1	-8.5867E+1
1.5885E+4	2.5023E+1	-1.7780E+2	-7.5654E+1	-7.7718E+1	-8.4469E+1	-8.4664E+1	-8.4817E+1
1.7153E+4	2.5009E+1	-1.7922E+2	-7.5740E+1	-7.8448E+1	-8.3145E+1	-8.4394E+1	-8.4103E+1
1.8522E+4	2.4993E+1	1.7936E+2	-7.5635E+1	-7.9196E+1	-8.1810E+1	-8.4125E+1	-8.3163E+1
2.0000E+4	2.4975E+1	1.7795E+2	-7.5559E+1	-7.9994E+1	-8.0236E+1	-8.3261E+1	-8.4441E+1
