%	Date:	2025-05-09	Time:	08:56:20
%	Sampling frequency		[Hz]:	204800
%	Generator amplitude		[V]:	0.050000
%	Settle time		[s]:	0.10000
%	Settle cycles:			5
%	Integration time		[s]:	0.20000
%	Integration cycles:			20
% Freq.	Amplitude	Phase	THD	HD 2	HD 3	HD 4	HD 5
% [Hz]	[dB]	[deg]	[dB]	[dB ref fund]	[dB ref fund]	[dB ref fund]	[dB ref fund]
1.0000E+1	2.4467E+1	-1.7394E+2	-4.1121E+1	-8.6405E+1	-9.6405E+1	-1.0232E+2	-4.1121E+1
1.0798E+1	2.4536E+1	-1.7681E+2	-8.6479E+1	-8.7157E+1	-9.7615E+1	-9.9644E+1	-1.0359E+2
1.1660E+1	2.4596E+1	-1.7969E+2	-8.5106E+1	-8.5855E+1	-9.5795E+1	-9.8074E+1	-1.0155E+2
1.2590E+1	2.4649E+1	1.7741E+2	-4.2889E+1	-8.7547E+1	-9.3735E+1	-4.2889E+1	-1.0312E+2
1.3595E+1	2.4696E+1	1.7446E+2	-8.4663E+1	-8.5597E+1	-9.3495E+1	-9.7892E+1	-1.0289E+2
1.4680E+1	2.4736E+1	1.7146E+2	-8.4606E+1	-8.5511E+1	-9.4158E+1	-9.7619E+1	-1.0026E+2
1.5851E+1	2.4772E+1	1.6839E+2	-8.3554E+1	-8.5906E+1	-8.8177E+1	-1.0444E+2	-9.5417E+1
1.7116E+1	2.4804E+1	1.6523E+2	-5.7531E+1	-8.5038E+1	-5.7540E+1	-9.7913E+1	-9.9957E+1
1.8482E+1	2.4832E+1	1.6196E+2	-8.4183E+1	-8.5112E+1	-9.2786E+1	-1.0381E+2	-9.7771E+1
1.9957E+1	2.4856E+1	1.5855E+2	-8.4710E+1	-8.6407E+1	-9.1213E+1	-1.0732E+2	-9.4968E+1
2.1550E+1	2.4878E+1	1.5499E+2	-8.5057E+1	-8.6125E+1	-9.3556E+1	-9.9492E+1	-9.8948E+1
2.3269E+1	2.4897E+1	1.5125E+2	-8.6499E+1	-8.7276E+1	-9.7025E+1	-1.1403E+2	-9.7845E+1
2.5126E+1	2.4913E+1	1.4731E+2	-4.2128E+1	-4.2128E+1	-9.3850E+1	-9.7304E+1	-9.7791E+1
2.7131E+1	2.4927E+1	1.4312E+2	-8.8477E+1	-9.1655E+1	-9.2050E+1	-9.9829E+1	-1.1044E+2
2.9296E+1	2.4940E+1	1.3867E+2	-8.6084E+1	-8.6682E+1	-9.7534E+1	-1.0667E+2	-9.9251E+1
3.1634E+1	2.4950E+1	1.3391E+2	-8.7091E+1	-8.8233E+1	-9.4121E+1	-1.1033E+2	-1.0257E+2
3.4159E+1	2.4958E+1	1.2880E+2	-8.5072E+1	-8.5630E+1	-9.5198E+1	-1.0492E+2	-1.0392E+2
3.6884E+1	2.4964E+1	1.2329E+2	-8.4877E+1	-8.6980E+1	-9.4996E+1	-9.1224E+1	-9.7515E+1
3.9828E+1	2.4968E+1	1.1734E+2	-8.6338E+1	-8.7166E+1	-9.5624E+1	-1.0255E+2	-1.0133E+2
4.3006E+1	2.4969E+1	1.1088E+2	-8.4085E+1	-8.4591E+1	-9.6883E+1	-1.0660E+2	-9.6939E+1
4.6438E+1	2.4959E+1	1.0390E+2	-8.4679E+1	-8.5132E+1	-9.5388E+1	-1.0526E+2	-1.0735E+2
5.0144E+1	2.4991E+1	9.6639E+1	-7.4687E+1	-8.3933E+1	-7.8120E+1	-1.1384E+2	-7.8379E+1
5.4145E+1	2.4963E+1	8.7911E+1	-8.5856E+1	-8.6636E+1	-9.3847E+1	-1.1596E+2	-1.0933E+2
5.8466E+1	2.4936E+1	7.8828E+1	-8.5280E+1	-8.6846E+1	-9.0634E+1	-1.0856E+2	-1.0713E+2
6.3132E+1	2.4915E+1	6.8945E+1	-7.9771E+1	-8.7427E+1	-9.4368E+1	-8.0865E+1	-9.7606E+1
6.8170E+1	2.4889E+1	5.8225E+1	-8.5467E+1	-8.5643E+1	-1.0358E+2	-1.0489E+2	-1.0434E+2
7.3610E+1	2.4857E+1	4.6655E+1	-7.8735E+1	-7.8846E+1	-9.7081E+1	-1.0455E+2	-9.9694E+1
7.9484E+1	2.4822E+1	3.4267E+1	-8.2941E+1	-8.3255E+1	-9.4989E+1	-1.2339E+2	-1.0435E+2
8.5827E+1	2.4786E+1	2.1136E+1	-8.1775E+1	-8.5015E+1	-9.8505E+1	-8.4995E+1	-9.7304E+1
9.2676E+1	2.4752E+1	7.3938E+0	-8.3348E+1	-8.3447E+1	-1.0202E+2	-1.0505E+2	-1.0970E+2
1.0007E+2	2.4724E+1	-6.7806E+0	-8.4612E+1	-8.6540E+1	-9.3928E+1	-9.4201E+1	-9.3419E+1
1.0806E+2	2.4704E+1	-2.1172E+1	-8.3245E+1	-8.3996E+1	-9.1680E+1	-1.0291E+2	-1.0658E+2
1.1668E+2	2.4694E+1	-3.5548E+1	-6.7122E+1	-8.5072E+1	-6.7193E+1	-1.2559E+2	-1.0492E+2
1.2599E+2	2.4693E+1	-4.9693E+1	-7.8228E+1	-7.8409E+1	-9.4521E+1	-9.8588E+1	-9.9015E+1
1.3605E+2	2.4700E+1	-6.3425E+1	-8.3822E+1	-8.5118E+1	-9.9391E+1	-9.1344E+1	-9.6556E+1
1.4690E+2	2.4714E+1	-7.6615E+1	-8.5037E+1	-8.5860E+1	-9.5079E+1	-1.0172E+2	-9.7871E+1
1.5863E+2	2.4728E+1	-8.9190E+1	-8.3618E+1	-8.4154E+1	-9.4352E+1	-9.9046E+1	-1.0884E+2
1.7128E+2	2.4744E+1	-1.0112E+2	-7.8591E+1	-8.2756E+1	-9.6185E+1	-1.0483E+2	-8.0832E+1
1.8495E+2	2.4759E+1	-1.1244E+2	-8.1904E+1	-8.4101E+1	-8.6107E+1	-1.0708E+2	-1.0047E+2
1.9971E+2	2.4772E+1	-1.2317E+2	-8.7069E+1	-8.7876E+1	-9.7851E+1	-9.9074E+1	-1.0346E+2
2.1565E+2	2.4783E+1	-1.3341E+2	-8.1040E+1	-8.5574E+1	-8.3419E+1	-9.7341E+1	-9.4388E+1
2.3286E+2	2.4791E+1	-1.4321E+2	-8.3508E+1	-8.4973E+1	-8.9207E+1	-1.0167E+2	-1.1089E+2
2.5144E+2	2.4794E+1	-1.5267E+2	-7.5017E+1	-8.5244E+1	-7.5528E+1	-9.5574E+1	-9.6374E+1
2.7151E+2	2.4797E+1	-1.6187E+2	-8.3098E+1	-8.3422E+1	-9.6665E+1	-1.0293E+2	-1.0063E+2
2.9317E+2	2.4796E+1	-1.7089E+2	-8.3070E+1	-8.4394E+1	-9.6336E+1	-8.9739E+1	-1.1759E+2
3.1657E+2	2.4792E+1	-1.7982E+2	-8.3479E+1	-8.5588E+1	-8.7783E+1	-1.0475E+2	-1.0571E+2
3.4183E+2	2.4784E+1	1.7125E+2	-8.6695E+1	-8.8404E+1	-9.3362E+1	-9.7998E+1	-1.0115E+2
3.6911E+2	2.4773E+1	1.6225E+2	-8.4633E+1	-8.5092E+1	-9.7109E+1	-9.8978E+1	-1.0606E+2
3.9857E+2	2.4757E+1	1.5308E+2	-8.3482E+1	-8.4008E+1	-9.3129E+1	-1.0766E+2	-1.1115E+2
4.3037E+2	2.4739E+1	1.4367E+2	-8.3970E+1	-8.5099E+1	-9.2824E+1	-9.9417E+1	-9.5511E+1
4.6472E+2	2.4715E+1	1.3393E+2	-8.3711E+1	-8.4141E+1	-9.4654E+1	-1.0303E+2	-1.1040E+2
5.0180E+2	2.4689E+1	1.2379E+2	-8.5774E+1	-8.6119E+1	-9.8110E+1	-1.0357E+2	-1.1429E+2
5.4184E+2	2.4658E+1	1.1317E+2	-8.4791E+1	-8.5075E+1	-9.9064E+1	-1.0076E+2	-1.1851E+2
5.8508E+2	2.4624E+1	1.0201E+2	-8.4109E+1	-8.4958E+1	-9.4513E+1	-9.8581E+1	-9.7064E+1
6.3177E+2	2.4589E+1	9.0271E+1	-8.3146E+1	-8.3718E+1	-9.2829E+1	-1.1385E+2	-1.0143E+2
6.8219E+2	2.4555E+1	7.7936E+1	-8.2837E+1	-8.3489E+1	-9.2500E+1	-9.8208E+1	-1.0909E+2
7.3663E+2	2.4526E+1	6.5032E+1	-8.1807E+1	-8.2021E+1	-9.5593E+1	-1.0417E+2	-1.1537E+2
7.9541E+2	2.4505E+1	5.1631E+1	-8.1663E+1	-8.1807E+1	-9.8610E+1	-1.0513E+2	-1.0273E+2
8.5889E+2	2.4498E+1	3.7854E+1	-8.1319E+1	-8.1610E+1	-9.4392E+1	-1.0070E+2	-1.0527E+2
9.2743E+2	2.4508E+1	2.3866E+1	-8.1577E+1	-8.2031E+1	-9.2252E+1	-1.0509E+2	-1.0195E+2
1.0014E+3	2.4535E+1	9.8650E+0	-7.9906E+1	-8.0051E+1	-9.5959E+1	-1.0669E+2	-1.0222E+2
1.0814E+3	2.4579E+1	-3.9371E+0	-8.0083E+1	-8.0434E+1	-9.2151E+1	-1.0423E+2	-9.9390E+1
1.1676E+3	2.4635E+1	-1.7344E+1	-7.9392E+1	-7.9534E+1	-9.4642E+1	-1.0711E+2	-1.1128E+2
1.2608E+3	2.4699E+1	-3.0182E+1	-7.9259E+1	-7.9403E+1	-9.6358E+1	-9.8623E+1	-1.0731E+2
1.3614E+3	2.4763E+1	-4.2321E+1	-7.9217E+1	-7.9359E+1	-9.4471E+1	-1.0778E+2	-1.1007E+2
1.4701E+3	2.4824E+1	-5.3678E+1	-7.8779E+1	-7.8860E+1	-1.0204E+2	-1.0635E+2	-9.8001E+1
1.5874E+3	2.4878E+1	-6.4211E+1	-7.8361E+1	-7.8483E+1	-9.7598E+1	-9.6987E+1	-1.0541E+2
1.7141E+3	2.4925E+1	-7.3917E+1	-7.8393E+1	-7.8505E+1	-9.6357E+1	-1.0070E+2	-1.0285E+2
1.8509E+3	2.4963E+1	-8.2821E+1	-7.7624E+1	-7.7738E+1	-9.6902E+1	-1.0043E+2	-9.8198E+1
1.9986E+3	2.4993E+1	-9.0964E+1	-7.7587E+1	-7.7669E+1	-9.6089E+1	-1.0198E+2	-1.0788E+2
2.1581E+3	2.5018E+1	-9.8404E+1	-7.7454E+1	-7.7574E+1	-9.3724E+1	-1.0778E+2	-1.0323E+2
2.3303E+3	2.5037E+1	-1.0520E+2	-7.6748E+1	-7.6815E+1	-9.5535E+1	-1.0357E+2	-1.1512E+2
2.5162E+3	2.5052E+1	-1.1141E+2	-7.6962E+1	-7.7247E+1	-8.9085E+1	-1.0594E+2	-1.0704E+2
2.7170E+3	2.5063E+1	-1.1708E+2	-7.6834E+1	-7.6958E+1	-9.2812E+1	-1.0254E+2	-1.2160E+2
2.9338E+3	2.5072E+1	-1.2229E+2	-7.6607E+1	-7.6719E+1	-9.3429E+1	-1.0097E+2	-1.0672E+2
3.1680E+3	2.5079E+1	-1.2706E+2	-7.6784E+1	-7.6905E+1	-9.4093E+1	-9.8221E+1	-1.0491E+2
3.4208E+3	2.5084E+1	-1.3145E+2	-7.6057E+1	-7.6136E+1	-9.4951E+1	-1.0167E+2	-1.0214E+2
3.6938E+3	2.5088E+1	-1.3549E+2	-7.6523E+1	-7.6705E+1	-9.3236E+1	-9.4323E+1	-1.0163E+2
3.9885E+3	2.5091E+1	-1.3922E+2	-7.6025E+1	-7.6201E+1	-9.4055E+1	-9.2899E+1	-1.0062E+2
4.3068E+3	2.5093E+1	-1.4267E+2	-7.6104E+1	-7.6201E+1	-9.8018E+1	-9.6462E+1	-9.8073E+1
4.6505E+3	2.5095E+1	-1.4587E+2	-7.5934E+1	-7.6033E+1	-9.7307E+1	-9.5833E+1	-9.8895E+1
5.0216E+3	2.5096E+1	-1.4885E+2	-7.6476E+1	-7.6648E+1	-9.3849E+1	-9.4063E+1	-1.0181E+2
5.4223E+3	2.5096E+1	-1.5162E+2	-7.5955E+1	-7.6114E+1	-9.6978E+1	-9.4231E+1	-9.4768E+1
5.8550E+3	2.5096E+1	-1.5421E+2	-7.5865E+1	-7.6018E+1	-9.6210E+1	-9.2578E+1	-9.9723E+1
6.3223E+3	2.5095E+1	-1.5663E+2	-7.5816E+1	-7.6078E+1	-9.6507E+1	-8.9821E+1	-9.5627E+1
6.8268E+3	2.5094E+1	-1.5890E+2	-7.5808E+1	-7.6086E+1	-9.4316E+1	-9.0627E+1	-9.4093E+1
7.3716E+3	2.5092E+1	-1.6104E+2	-7.5547E+1	-7.5875E+1	-9.3285E+1	-8.8703E+1	-9.6799E+1
7.9599E+3	2.5089E+1	-1.6306E+2	-7.5176E+1	-7.5571E+1	-9.0195E+1	-8.9232E+1	-9.3101E+1
8.5951E+3	2.5086E+1	-1.6498E+2	-7.5135E+1	-7.5577E+1	-8.9976E+1	-8.8739E+1	-9.2010E+1
9.2810E+3	2.5082E+1	-1.6680E+2	-7.4814E+1	-7.5286E+1	-8.9723E+1	-8.7129E+1	-9.4035E+1
1.0022E+4	2.5077E+1	-1.6854E+2	-7.4321E+1	-7.4801E+1	-8.8380E+1	-8.7766E+1	-9.1296E+1
1.0821E+4	2.5072E+1	-1.7021E+2	-7.4105E+1	-7.4999E+1	-8.4513E+1	-8.5441E+1	-9.0761E+1
1.1685E+4	2.5065E+1	-1.7182E+2	-7.3479E+1	-7.4342E+1	-8.4164E+1	-8.5142E+1	-8.9213E+1
1.2617E+4	2.5057E+1	-1.7337E+2	-7.3238E+1	-7.4437E+1	-8.2047E+1	-8.4268E+1	-8.8372E+1
1.3624E+4	2.5048E+1	-1.7488E+2	-7.2900E+1	-7.4322E+1	-8.0592E+1	-8.3921E+1	-8.8125E+1
1.4711E+4	2.5037E+1	-1.7636E+2	-7.2605E+1	-7.4170E+1	-8.0381E+1	-8.2982E+1	-8.6167E+1
1.5885E+4	2.5025E+1	-1.7781E+2	-7.1768E+1	-7.3408E+1	-7.9342E+1	-8.1493E+1	-8.6549E+1
1.7153E+4	2.5011E+1	-1.7924E+2	-7.1413E+1	-7.3408E+1	-7.8274E+1	-8.0589E+1	-8.5231E+1
1.8522E+4	2.4995E+1	1.7934E+2	-7.0973E+1	-7.3138E+1	-7.7309E+1	-7.9984E+1	-8.5584E+1
2.0000E+4	2.4977E+1	1.7793E+2	-7.0566E+1	-7.3064E+1	-7.6335E+1	-7.8924E+1	-8.6328E+1
